name: saliency
channels:
  - conda-forge
  - defaults
dependencies:
  - bzip2=1.0.8=h8ffe710_4
  - ca-certificates=2023.7.22=h56e8100_0
  - eigen=3.4.0=h91493d7_0
  - ffmpeg=4.2.3=ha925a31_0
  - freetype=2.12.1=hdaf720e_2
  - gettext=0.21.1=h5728263_0
  - glib=2.78.0=h12be248_0
  - glib-tools=2.78.0=h12be248_0
  - gst-plugins-base=1.18.5=h9e645db_0
  - gstreamer=1.18.5=hd78058f_0
  - hdf5=1.12.1=nompi_h57737ce_104
  - icu=58.2=ha925a31_3
  - intel-openmp=2023.2.0=h57928b3_50497
  - jpeg=9e=hcfcfb64_3
  - krb5=1.21.2=heb0366b_0
  - lerc=3.0=hd77b12b_0
  - libblas=3.9.0=8_mkl
  - libcblas=3.9.0=8_mkl
  - libclang=12.0.0=default_h627e005_2
  - libcurl=8.4.0=hd5e4a3a_0
  - libdeflate=1.17=h2bbff1b_1
  - libexpat=2.5.0=h63175ca_1
  - libffi=3.4.2=h8ffe710_5
  - libglib=2.78.0=he8f3873_0
  - libiconv=1.17=h8ffe710_0
  - liblapack=3.9.0=8_mkl
  - libogg=1.3.4=h8ffe710_1
  - libpng=1.6.39=h19919ed_0
  - libprotobuf=3.20.3=h12be248_0
  - libsqlite=3.43.2=hcfcfb64_0
  - libssh2=1.11.0=h7dfc565_0
  - libtiff=4.5.1=hd77b12b_0
  - libvorbis=1.3.7=h0e60522_0
  - libwebp=1.3.2=hcfcfb64_1
  - libwebp-base=1.3.2=hcfcfb64_0
  - libxml2=2.10.4=hc3477c8_0
  - libxslt=1.1.37=h0192164_0
  - libzlib=1.2.13=hcfcfb64_5
  - mkl=2020.4=hb70f87d_311
  - numpy=1.26.0=py311h0b4df5a_0
  - opencv=4.6.0=py311h5d08a89_5
  - openssl=3.1.4=hcfcfb64_0
  - pcre2=10.40=h17e33f8_0
  - pip=23.3.1=pyhd8ed1ab_0
  - python=3.11.6=h2628c8c_0_cpython
  - python_abi=3.11=4_cp311
  - qt-main=5.15.2=he8e5bd7_7
  - qt-webengine=5.15.9=h5bd16bc_7
  - qtwebkit=5.212=h2bbfb41_5
  - setuptools=68.2.2=pyhd8ed1ab_0
  - sqlite=3.43.2=hcfcfb64_0
  - tk=8.6.13=hcfcfb64_0
  - tzdata=2023c=h71feb2d_0
  - ucrt=10.0.22621.0=h57928b3_0
  - vc=14.3=h64f974e_17
  - vc14_runtime=14.36.32532=hdcecf7f_17
  - vs2015_runtime=14.36.32532=h05e6639_17
  - wheel=0.41.2=pyhd8ed1ab_0
  - xz=5.4.2=h8cc25b3_0
  - zlib=1.2.13=hcfcfb64_5
  - zstd=1.5.5=h12be248_0
  - pip:
      - opencv-contrib-python==4.8.1.78
prefix: C:\Users\keufcp\.conda\envs\saliency
